lastAccountName: Soristos_3310
timestamps:
  login: 1745675937765
  logout: 1745676104308
ipAddress: 0:0:0:0:0:0:0:1
lastlocation:
  world: world
  x: 252.69999998807907
  y: 64.62719449853724
  z: -215.11569792234758
  yaw: -28.65001
  pitch: 22.650003
logoutlocation:
  world: world
  x: -145.6421135001627
  y: 71.0
  z: -146.713112811896
  yaw: 4.6501465
  pitch: 48.899998
afk: false
