lastAccountName: Phygi_64
timestamps:
  login: 1745754124231
  kits:
    notch: 1745659239866
    dtools: 1745659219564
  logout: 1745754565221
ipAddress: 0:0:0:0:0:0:0:1
logoutlocation:
  world: world
  x: 258.3137620203316
  y: 76.0
  z: -215.61538940548323
  yaw: -267.30002
  pitch: 25.200003
lastlocation:
  world: world
  x: 248.99297863686667
  y: 63.0
  z: -214.89758864198984
  yaw: 213.90033
  pitch: 79.2
afk: false
