lastAccountName: Phygi_64
timestamps:
  login: 1745674471589
  kits:
    notch: 1745659239866
    dtools: 1745659219564
  logout: 1745673988135
ipAddress: 0:0:0:0:0:0:0:1
logoutlocation:
  world: world
  x: 269.0509460815822
  y: 63.0
  z: -191.09773464743168
  yaw: -92.70004
  pitch: 45.450012
lastlocation:
  world: world
  x: 247.2982568454612
  y: 63.0
  z: -213.284971951099
  yaw: 130.64998
  pitch: 70.500015
afk: true
