lastAccountName: Phygi_64
timestamps:
  login: 1745512664497
  kits:
    dtools: 1745417739212
  logout: 1745512704961
ipAddress: 0:0:0:0:0:0:0:1
logoutlocation:
  world: world
  x: 129.09997196814572
  y: 63.0
  z: -230.96596970490077
  yaw: 183.75002
  pitch: 90.0
lastlocation:
  world: world
  x: -106.25522463259838
  y: 79.0
  z: 226.03331374608143
  yaw: 317.55045
  pitch: 90.0
