lastAccountName: Phygi_64
timestamps:
  login: 1745598982722
  kits:
    dtools: 1745417739212
  logout: 1745599032970
ipAddress: 0:0:0:0:0:0:0:1
logoutlocation:
  world: world
  x: 128.698711525165
  y: 63.0
  z: -230.7561457039893
  yaw: 36.9
  pitch: 48.149998
lastlocation:
  world: world
  x: -106.25522463259838
  y: 79.0
  z: 226.03331374608143
  yaw: 317.55045
  pitch: 90.0
