world: world
x: -130.36737336687213
y: 70.5
z: -246.50891761761685
yaw: 269.5503
pitch: 90.0
name: Spawn
